  -3.6040444e-01
  -3.6172892e-01
  -3.6305339e-01
  -3.6437784e-01
  -3.6570228e-01
  -3.6702670e-01
  -3.6835110e-01
  -3.6967549e-01
  -3.7099985e-01
  -3.7232420e-01
  -3.7364853e-01
  -3.7497283e-01
  -3.7629711e-01
  -3.7762137e-01
  -3.7894560e-01
  -3.8026981e-01
  -3.8159399e-01
  -3.8291814e-01
  -3.8424226e-01
  -3.8556635e-01
  -3.8689040e-01
  -3.8821442e-01
  -3.8953840e-01
  -3.9086234e-01
  -3.9218624e-01
  -3.9351009e-01
  -3.9483390e-01
  -3.9615765e-01
  -3.9748136e-01
  -3.9880500e-01
  -4.0012859e-01
  -4.0145211e-01
  -4.0277557e-01
  -4.0409896e-01
  -4.0542227e-01
  -4.0674550e-01
  -4.0806864e-01
  -4.0939170e-01
  -4.1071466e-01
  -4.1203752e-01
  -4.1336027e-01
  -4.1468291e-01
  -4.1600543e-01
  -4.1732782e-01
  -4.1865008e-01
  -4.1997218e-01
  -4.2129414e-01
  -4.2261593e-01
  -4.2393755e-01
  -4.2525898e-01
  -4.2658021e-01
  -4.2790123e-01
  -4.2922202e-01
  -4.3054257e-01
  -4.3186287e-01
  -4.3318289e-01
  -4.3450261e-01
  -4.3582201e-01
  -4.3714107e-01
  -4.3845975e-01
  -4.3977804e-01
  -4.4109590e-01
  -4.4241329e-01
  -4.4373017e-01
  -4.4504649e-01
  -4.4636221e-01
  -4.4767726e-01
  -4.4899158e-01
  -4.5030509e-01
  -4.5161770e-01
  -4.5292930e-01
  -4.5423977e-01
  -4.5554897e-01
  -4.5685672e-01
  -4.5816279e-01
  -4.5946694e-01
  -4.6076883e-01
  -4.6206803e-01
  -4.6336400e-01
  -4.6465600e-01
  -4.6594303e-01
  -4.6722364e-01
  -4.6849569e-01
  -4.6975576e-01
  -4.7099798e-01
  -4.7221101e-01
  -4.7336863e-01
  -4.7438761e-01
  -4.7470319e-01
  -4.7474876e-01
  -4.7481992e-01
  -4.7481999e-01
