  -3.7447759e-01
  -3.7577036e-01
  -3.7706304e-01
  -3.7835562e-01
  -3.7964809e-01
  -3.8094045e-01
  -3.8223268e-01
  -3.8352479e-01
  -3.8481676e-01
  -3.8610859e-01
  -3.8740027e-01
  -3.8869180e-01
  -3.8998315e-01
  -3.9127432e-01
  -3.9256531e-01
  -3.9385609e-01
  -3.9514666e-01
  -3.9643699e-01
  -3.9772709e-01
  -3.9901692e-01
  -4.0030648e-01
  -4.0159574e-01
  -4.0288467e-01
  -4.0417327e-01
  -4.0546149e-01
  -4.0674932e-01
  -4.0803671e-01
  -4.0932363e-01
  -4.1061004e-01
  -4.1189590e-01
  -4.1318114e-01
  -4.1446572e-01
  -4.1574955e-01
  -4.1703256e-01
  -4.1831466e-01
  -4.1959573e-01
  -4.2087565e-01
  -4.2215425e-01
  -4.2343135e-01
  -4.2470670e-01
  -4.2598002e-01
  -4.2725093e-01
  -4.2851894e-01
  -4.2978342e-01
  -4.3104347e-01
  -4.3229785e-01
  -4.3354472e-01
  -4.3478116e-01
  -4.3600226e-01
  -4.3719872e-01
  -4.3834986e-01
  -4.3939421e-01
  -4.3998632e-01
  -4.3998642e-01
